Ep,Ep_r,epsilon
0,-419.070171,1.0
1,-130.981874,1.0
2,-469.51596,1.0
3,-300.580991,1.0
4,-470.319838,1.0
5,-155.899857,1.0
6,-213.921527,1.0
7,-156.647836,1.0
8,-361.764933,1.0
9,-224.254816,1.0
10,-275.063457,1.0
11,-137.810832,1.0
12,-134.018751,1.0
13,-233.423025,1.0
14,-152.440993,1.0
15,-336.56823,1.0
16,-476.392766,1.0
17,-161.392002,1.0
18,-240.967323,1.0
19,-122.654857,1.0
20,-139.639979,1.0
21,-282.650579,1.0
22,-134.890552,1.0
23,-160.137928,1.0
24,-168.074285,1.0
25,-140.943898,1.0
26,-153.967364,1.0
27,-190.834839,1.0
28,-378.173745,1.0
29,-275.718134,1.0
30,-476.588011,1.0
31,-279.719117,1.0
32,-343.667035,1.0
33,-125.198744,1.0
34,-445.516604,1.0
35,-280.914296,1.0
36,-138.530819,1.0
37,-129.576106,1.0
38,-195.57813,1.0
39,-137.79032,1.0
40,-576.699013,1.0
41,-164.94254,1.0
42,-356.23348,1.0
43,-252.038737,1.0
44,-143.041851,1.0
45,-169.847183,1.0
46,-145.394913,1.0
47,-337.697666,1.0
48,-161.133309,1.0
49,-109.092848,1.0
50,-369.225949,1.0
51,-143.053586,1.0
52,-147.121998,1.0
53,-160.91875,1.0
54,-169.808089,1.0
55,-505.737103,1.0
56,-293.91465,1.0
57,-264.749863,1.0
58,-143.741738,1.0
59,-138.366272,1.0
60,-130.517984,1.0
61,-122.477069,1.0
62,-476.617759,1.0
63,-178.153799,1.0
64,-140.487844,1.0
65,-288.757592,1.0
66,-279.940327,1.0
67,-668.275514,1.0
68,-151.955996,1.0
69,-134.820013,1.0
70,-407.869537,1.0
71,-302.522191,1.0
72,-166.622656,1.0
73,-464.755337,1.0
74,-390.232707,1.0
75,-181.745215,1.0
76,-95.237675,1.0
77,-291.086787,1.0
78,-122.92974,1.0
79,-314.925164,1.0
80,-440.081905,1.0
81,-115.897798,1.0
82,-299.069005,1.0
83,-312.685131,1.0
84,-159.326105,1.0
85,-292.488457,1.0
86,-134.34328,1.0
87,-346.042912,1.0
88,-539.528358,1.0
89,-498.91106,1.0
90,-331.088952,1.0
91,-250.026332,1.0
92,-195.719698,1.0
93,-375.509987,1.0
94,-290.398099,1.0
95,-274.70175,1.0
96,-316.917755,1.0
97,-272.577996,1.0
98,-399.612356,1.0
99,-172.124658,1.0
100,-437.313503,1.0
101,-133.967638,1.0
102,-181.096101,1.0
103,-235.842197,1.0
104,-144.401224,1.0
105,-110.695553,1.0
106,-244.166875,1.0
107,-120.129296,1.0
108,-153.355874,1.0
109,-348.888207,1.0
110,-345.023304,1.0
111,-164.36309,1.0
112,-180.69604,1.0
113,-249.98239,1.0
114,-335.349437,1.0
115,-144.128775,1.0
116,-167.494168,1.0
117,-182.667409,1.0
118,-289.530144,1.0
119,-166.967241,1.0
120,-107.909967,1.0
121,-237.119396,1.0
122,-153.206567,1.0
123,-18.956109,1.0
124,-188.307047,1.0
125,-125.747933,1.0
126,-252.685903,1.0
127,-325.228666,1.0
128,-296.755823,1.0
129,-146.460241,1.0
130,-142.85007,0.994164
131,-199.05968,0.988363
132,-143.002188,0.982595
133,-146.614526,0.976862
134,-166.567963,0.971161
135,-175.529341,0.965495
136,-29.85754,0.959861
137,-201.520825,0.954261
138,-171.481718,0.948694
139,-83.767097,0.943159
140,-129.946589,0.937656
141,-280.076496,0.932186
142,-161.493047,0.926748
143,-126.16708,0.921342
144,-203.615601,0.915968
145,-196.893847,0.910625
146,-171.025612,0.905313
147,-279.965963,0.900033
148,-359.652829,0.894783
149,-262.56008,0.889565
150,-450.576049,0.884377
151,-402.302694,0.879219
152,-316.689192,0.874092
153,-52.67963,0.868994
154,-483.428979,0.863927
155,-167.945108,0.858889
156,-152.773503,0.853881
157,-138.159294,0.848902
158,-168.84623,0.843953
159,-130.845096,0.839032
160,-424.672227,0.834141
161,-523.859136,0.829278
162,-332.943075,0.824443
163,-555.652837,0.819637
164,-164.262012,0.814859
165,-177.853377,0.810109
166,-408.771471,0.805387
167,-370.208168,0.800693
168,-547.487083,0.796026
169,-375.221567,0.791387
170,-202.646761,0.786774
171,-560.185263,0.782189
172,-409.051957,0.777631
173,-159.740271,0.773099
174,-109.487237,0.768594
175,-322.106075,0.764116
176,-672.083819,0.759664
177,-604.93039,0.755237
178,-382.606102,0.750837
179,-649.588652,0.746463
180,-682.634459,0.742114
181,-459.304971,0.737791
182,-308.404369,0.733493
183,-239.297876,0.72922
184,-189.066151,0.724973
185,-361.109145,0.72075
186,-324.344425,0.716552
187,-376.0445,0.712379
188,-401.670054,0.70823
189,-558.984814,0.704105
190,-312.124212,0.700005
191,-439.718978,0.695929
192,-304.599224,0.691876
193,-408.732895,0.687848
194,-160.293746,0.683843
195,-604.207309,0.679861
196,-511.182434,0.675903
197,-289.088525,0.671968
198,-268.552562,0.668057
199,-351.361048,0.664168
200,-567.128731,0.660302
201,-351.482637,0.656458
202,-336.91599,0.652637
203,-231.974851,0.648839
204,-470.954294,0.645063
205,-261.733122,0.641309
206,-548.678954,0.637577
207,-543.965155,0.633867
208,-588.082002,0.630178
209,-672.295915,0.626512
210,-217.238095,0.622866
211,-587.752442,0.619242
212,-499.32701,0.61564
213,-359.722124,0.612058
214,-34.655596,0.608498
215,-472.017897,0.604958
216,-623.330598,0.60144
217,-331.434941,0.597941
218,-378.947286,0.594464
219,-413.808828,0.591007
220,-531.850977,0.58757
221,-432.372481,0.584153
222,-382.569493,0.580756
223,-297.263587,0.577379
224,-310.722186,0.574022
225,-726.408327,0.570685
226,-499.271631,0.567367
227,-351.351692,0.564069
228,-609.574768,0.56079
229,-378.379633,0.55753
230,-356.841931,0.554289
231,-176.336797,0.551068
232,-506.455514,0.547865
233,-355.072663,0.544681
234,-466.986692,0.541516
235,-631.024714,0.538369
236,-258.827228,0.535241
237,-776.431594,0.532131
238,-297.618663,0.529039
239,-525.721228,0.525966
240,-336.4772,0.52291
241,-364.14758,0.519872
242,-369.504483,0.516853
243,-520.968829,0.513851
244,-525.166467,0.510866
245,-350.401778,0.507899
246,-540.658508,0.50495
247,-539.216053,0.502017
248,-439.391837,0.499102
249,-310.260403,0.496204
250,-211.765707,0.493323
251,-359.399054,0.490459
252,-564.605156,0.487612
253,-575.182255,0.484782
254,-481.469961,0.481968
255,-667.263174,0.47917
256,-416.356699,0.476389
257,-533.472809,0.473624
258,-523.698009,0.470876
259,-273.989731,0.468143
260,-391.250036,0.465427
261,-294.880514,0.462727
262,-235.81303,0.460042
263,-136.094205,0.457373
264,-633.579469,0.45472
265,-462.094206,0.452082
266,-463.23166,0.44946
267,-446.352922,0.446853
268,-83.448396,0.444262
269,-431.958892,0.441686
270,-200.736553,0.439124
271,-118.460653,0.436578
272,-360.109438,0.434047
273,-563.501318,0.431531
274,-514.411946,0.429029
275,-158.747846,0.426542
276,-71.042225,0.42407
277,-286.586103,0.421612
278,-716.544464,0.419168
279,-43.399446,0.416739
280,-635.97498,0.414324
281,-458.541427,0.411923
282,-517.57744,0.409537
283,-427.72069,0.407164
284,-89.227291,0.404805
285,-71.975813,0.402461
286,-288.925835,0.400129
287,-791.71303,0.397812
288,-295.217106,0.395508
289,-403.276092,0.393218
290,-449.958093,0.390941
291,-122.418121,0.388677
292,-26.21836,0.386427
293,-340.727212,0.38419
294,-425.885971,0.381966
295,-463.56057,0.379755
296,-84.363006,0.377557
297,-483.631383,0.375372
298,-700.384661,0.3732
299,-170.915496,0.37104
300,-482.827327,0.368893
301,-512.947873,0.366759
302,-345.628026,0.364637
303,-517.056425,0.362528
304,-388.14491,0.360431
305,-535.479873,0.358346
306,-312.604202,0.356274
307,-139.285101,0.354214
308,-316.57414,0.352165
309,-453.574758,0.350129
310,-357.527605,0.348105
311,-266.236576,0.346093
312,-177.137842,0.344092
313,-110.333559,0.342103
314,-507.723182,0.340126
315,-264.524336,0.338161
316,-75.856996,0.336207
317,-515.070235,0.334264
318,-292.622556,0.332333
319,-268.394177,0.330413
320,-393.349482,0.328505
321,-176.555465,0.326607
322,-266.460266,0.324721
323,-195.161083,0.322846
324,-452.422196,0.320982
325,-289.787374,0.319128
326,-75.264586,0.317286
327,-297.672926,0.315454
328,-405.800861,0.313634
329,-179.561764,0.311823
330,-115.564176,0.310024
331,-113.151262,0.308235
332,-287.423563,0.306456
333,-120.534841,0.304688
334,-89.491066,0.302931
335,-231.302908,0.301183
336,-145.908358,0.299446
337,-56.923579,0.297719
338,-174.369244,0.296002
339,-455.301882,0.294295
340,-128.088652,0.292599
341,-421.601552,0.290912
342,-72.704239,0.289235
343,-355.906587,0.287568
344,-110.663945,0.285911
345,-125.931529,0.284263
346,-61.806929,0.282625
347,-65.695977,0.280997
348,-229.917798,0.279378
349,-109.658464,0.277769
350,-71.16159,0.276169
351,-346.935072,0.274579
352,-95.860934,0.272998
353,-234.781936,0.271426
354,-107.36682,0.269863
355,-59.085362,0.26831
356,-146.66521,0.266765
357,-394.93585,0.26523
358,-371.492548,0.263704
359,-186.473839,0.262187
360,-126.832446,0.260678
361,-113.271325,0.259179
362,-144.868743,0.257688
363,-120.343413,0.256206
364,-194.080011,0.254732
365,-139.282874,0.253268
366,-124.761716,0.251812
367,-179.956583,0.250364
368,-72.793604,0.248925
369,-30.363289,0.247494
370,-72.218867,0.246072
371,-143.085783,0.244658
372,-269.592026,0.243252
373,-100.621448,0.241855
374,-67.034729,0.240466
375,-249.013149,0.239085
376,-80.049454,0.237712
377,-280.709489,0.236347
378,-99.904429,0.23499
379,-207.021749,0.233641
380,-184.395014,0.2323
381,-143.877649,0.230967
382,-216.734831,0.229642
383,-200.326275,0.228324
384,-172.953935,0.227015
385,-185.77267,0.225712
386,-200.976575,0.224418
387,-82.076256,0.223131
388,-302.892963,0.221852
389,-137.60588,0.22058
390,-72.164404,0.219315
391,-116.905048,0.218058
392,-23.496913,0.216809
393,-136.812349,0.215567
394,-130.817944,0.214332
395,-247.520374,0.213104
396,-207.364531,0.211883
397,-162.507144,0.21067
398,-255.686627,0.209464
399,-121.155885,0.208264
400,-274.904946,0.207072
401,-111.513438,0.205887
402,-190.470776,0.204709
403,-162.633755,0.203538
404,-299.359853,0.202373
405,-154.791316,0.201215
406,-197.75493,0.200065
407,-172.952938,0.198921
408,-173.332395,0.197783
409,-229.82388,0.196653
410,-204.045883,0.195528
411,-89.663677,0.194411
412,-243.300756,0.1933
413,-156.402178,0.192196
414,-132.813023,0.191098
415,-289.359271,0.190006
416,-260.365056,0.188921
417,-257.717695,0.187842
418,-222.129724,0.18677
419,-106.9527,0.185704
420,-158.34133,0.184644
421,-171.399651,0.183591
422,-166.277755,0.182543
423,-212.421065,0.181502
424,-177.279912,0.180467
425,-248.328929,0.179437
426,-264.786085,0.178414
427,-224.707506,0.177397
428,-198.567824,0.176386
429,-198.73282,0.175381
430,-162.519051,0.174382
431,-177.749119,0.173388
432,-164.417683,0.172401
433,-129.852201,0.171419
434,-172.005012,0.170443
435,-125.733284,0.169472
436,-90.658003,0.168508
437,-194.52211,0.167549
438,-345.497795,0.166595
439,-54.331024,0.165648
440,-182.502555,0.164705
441,-334.325227,0.163769
442,-141.582151,0.162838
443,-170.644624,0.161912
444,-266.320722,0.160992
445,-195.408838,0.160077
446,-196.228496,0.159167
447,-467.39063,0.158263
448,-231.782699,0.157364
449,-248.70118,0.15647
450,-179.619238,0.155582
451,-82.305177,0.154699
452,-299.565036,0.153821
453,-372.206187,0.152948
454,-112.289783,0.15208
455,-125.853561,0.151218
456,-343.286955,0.15036
457,-272.823741,0.149507
458,-334.12793,0.14866
459,-253.857509,0.147817
460,-160.653233,0.14698
461,-147.603763,0.146147
462,-86.489563,0.145319
463,-142.433683,0.144496
464,-183.991417,0.143678
465,-281.830016,0.142865
466,-320.776889,0.142056
467,-283.767745,0.141252
468,-153.52019,0.140453
469,-119.350016,0.139659
470,-367.431932,0.138869
471,-372.929339,0.138084
472,-134.462765,0.137303
473,-217.192242,0.136527
474,-106.003413,0.135756
475,-106.7419,0.134989
476,-323.499818,0.134226
477,-427.521163,0.133469
478,-154.549592,0.132715
479,-44.660295,0.131966
480,-59.7557,0.131221
481,-65.131839,0.130481
482,-249.228357,0.129745
483,-91.250832,0.129013
484,-420.268206,0.128286
485,-322.428853,0.127563
486,-323.808863,0.126844
487,-280.531781,0.12613
488,-41.59453,0.125419
489,-157.256836,0.124713
490,-76.451103,0.124011
491,-241.755385,0.123313
492,-55.793616,0.122619
493,-498.53346,0.121929
494,-174.700731,0.121243
495,-553.299006,0.120561
496,-464.132502,0.119884
497,-148.137779,0.11921
498,-20.992289,0.11854
499,-434.146254,0.117874
500,-146.554663,0.117212
501,-86.823341,0.116554
502,-426.082786,0.1159
503,-120.206225,0.115249
504,-364.503997,0.114603
505,17.41551,0.11396
506,-324.40652,0.113321
507,-337.533892,0.112685
508,-428.714602,0.112054
509,-259.409559,0.111426
510,-294.324134,0.110802
511,-275.251805,0.110181
512,-284.081815,0.109564
513,-334.47412,0.108951
514,-255.690684,0.108341
515,-220.117096,0.107735
516,-245.332828,0.107133
517,-180.700968,0.106534
518,-251.374479,0.105938
519,-180.857091,0.105346
520,-185.071185,0.104758
521,-344.584247,0.104172
522,-442.194696,0.103591
523,-417.25462,0.103013
524,-193.998933,0.102438
525,-208.577097,0.101866
526,-310.196366,0.101298
527,-403.96049,0.100733
528,-354.243502,0.100172
529,-306.302784,0.099614
530,-315.225438,0.099059
531,-260.531371,0.098507
532,-403.477093,0.097959
533,-261.5917,0.097413
534,-275.154735,0.096871
535,-233.030952,0.096333
536,-251.002136,0.095797
537,-266.72147,0.095264
538,-211.269049,0.094735
539,-254.184851,0.094209
540,-232.493188,0.093685
541,-259.17066,0.093165
542,-275.77765,0.092648
543,-309.67738,0.092134
544,-278.363217,0.091623
545,-246.124727,0.091115
546,-287.918763,0.09061
547,-302.807545,0.090108
548,-278.480111,0.089609
549,-280.03249,0.089112
550,-310.574253,0.088619
551,-279.674709,0.088129
552,-359.449866,0.087641
553,-348.84867,0.087156
554,-333.985666,0.086675
555,-311.191373,0.086196
556,-291.640112,0.085719
557,-215.242268,0.085246
558,-252.934837,0.084775
559,-256.875589,0.084307
560,-231.345332,0.083842
561,-268.61356,0.08338
562,-239.896941,0.08292
563,-198.725822,0.082463
564,-200.837195,0.082009
565,-268.499637,0.081557
566,-264.977378,0.081108
567,-284.577796,0.080662
568,-261.701012,0.080218
569,-276.823576,0.079777
570,-298.603279,0.079338
571,-308.890102,0.078902
572,-306.464524,0.078469
573,-339.51728,0.078038
574,-282.914404,0.077609
575,-276.321203,0.077184
576,-276.205204,0.07676
577,-253.73849,0.076339
578,-259.843174,0.075921
579,-274.635192,0.075505
580,-286.726491,0.075092
581,-261.807192,0.07468
582,-281.405481,0.074272
583,-395.960476,0.073865
584,-342.134297,0.073462
585,-264.537433,0.07306
586,-287.041578,0.072661
587,-329.462899,0.072264
588,-313.068219,0.071869
589,-234.157609,0.071477
590,-271.9631,0.071087
591,-241.578152,0.0707
592,-252.093653,0.070314
593,-261.504286,0.069931
594,-356.345675,0.069551
595,-296.63151,0.069172
596,-318.344777,0.068796
597,-340.796089,0.068421
598,-281.097005,0.068049
599,-337.902305,0.06768
600,-298.316509,0.067312
601,-336.974523,0.066947
602,-357.927659,0.066583
603,-304.097055,0.066222
604,-308.122351,0.065863
605,-220.921729,0.065506
606,-238.204768,0.065151
607,-292.561364,0.064798
608,-295.088412,0.064448
609,-340.902157,0.064099
610,-245.392112,0.063752
611,-290.966812,0.063408
612,-279.965229,0.063065
613,-256.34225,0.062725
614,-253.889933,0.062386
615,-275.774039,0.062049
616,-272.450007,0.061715
617,-260.53519,0.061382
618,-300.111024,0.061052
619,-242.441971,0.060723
620,-308.990693,0.060396
621,-267.332068,0.060071
622,-260.79759,0.059748
623,-276.859669,0.059427
624,-264.929834,0.059108
625,-280.179692,0.05879
626,-282.371657,0.058475
627,-290.485422,0.058161
628,-278.74318,0.05785
629,-238.702684,0.05754
630,-257.367188,0.057231
631,-280.380542,0.056925
632,-284.556259,0.056621
633,-243.160899,0.056318
634,-287.161047,0.056017
635,-299.719521,0.055718
636,-277.737706,0.05542
637,-222.991484,0.055124
638,-261.270008,0.05483
639,-247.525826,0.054538
640,-267.062617,0.054248
641,-285.289788,0.053959
642,-282.456754,0.053672
643,-314.452234,0.053386
644,-276.762659,0.053102
645,-250.326328,0.05282
646,-265.435478,0.05254
647,-269.160667,0.052261
648,-254.320116,0.051984
649,-308.783329,0.051708
650,-247.330049,0.051434
651,-275.694076,0.051162
652,-221.235375,0.050891
653,-272.363438,0.050622
654,-267.679437,0.050354
655,-295.407598,0.050088
656,-208.810597,0.049824
657,-270.191771,0.049561
658,-246.958977,0.0493
659,-258.755288,0.04904
660,-249.428038,0.048782
661,-282.460284,0.048525
662,-244.469849,0.04827
663,-285.27322,0.048016
664,-243.695254,0.047763
665,-247.715582,0.047513
666,-309.010222,0.047263
667,-252.844191,0.047015
668,-241.480253,0.046769
669,-221.940537,0.046524
670,-257.398248,0.04628
671,-228.093602,0.046038
672,-289.868578,0.045798
673,-271.907818,0.045558
674,-225.983952,0.045321
675,-247.679956,0.045084
676,-232.445991,0.044849
677,-317.548082,0.044615
678,-226.848114,0.044383
679,-302.500692,0.044152
680,-252.760853,0.043922
681,-257.373633,0.043694
682,-236.795037,0.043467
683,-231.958196,0.043241
684,-228.094443,0.043017
685,-248.784113,0.042794
686,-235.946912,0.042572
687,-272.826069,0.042352
688,-247.390351,0.042133
689,-276.714018,0.041915
690,-273.47349,0.041699
691,-278.523031,0.041484
692,-251.688083,0.04127
693,-225.460829,0.041057
694,-274.188309,0.040845
695,-245.296009,0.040635
696,-233.316103,0.040426
697,-231.056545,0.040218
698,-228.859977,0.040012
699,-257.65393,0.039806
700,-259.24599,0.039602
701,-285.607343,0.039399
702,-268.623661,0.039198
703,-278.832701,0.038997
704,-291.785524,0.038798
705,-301.903587,0.038599
706,-292.161259,0.038402
707,-238.806958,0.038206
708,-269.5662,0.038012
709,-199.829532,0.037818
710,-291.979209,0.037626
711,-251.458549,0.037434
712,-262.648351,0.037244
713,-243.923984,0.037055
714,-244.397592,0.036867
715,-274.689371,0.03668
716,-262.507919,0.036494
717,-253.667985,0.036309
718,-256.473225,0.036126
719,-229.351156,0.035943
720,-216.178671,0.035762
721,-250.094956,0.035581
722,-192.013515,0.035402
723,-256.534279,0.035224
724,-252.025921,0.035046
725,-255.736715,0.03487
726,-238.043523,0.034695
727,-243.03469,0.034521
728,-242.972914,0.034348
729,-191.036897,0.034176
730,-239.69477,0.034004
731,-212.191727,0.033834
732,-222.481352,0.033665
733,-187.845598,0.033497
734,-229.761449,0.03333
735,-229.906338,0.033164
736,-219.652966,0.032999
737,-195.489349,0.032834
738,-233.055328,0.032671
739,-213.410437,0.032509
740,-220.684767,0.032347
741,-216.134483,0.032187
742,-234.928419,0.032028
743,-59.119416,0.031869
744,-223.559959,0.031712
745,-178.812985,0.031555
746,-1.971554,0.031399
747,-62.416795,0.031244
748,-143.108044,0.03109
749,-304.261297,0.030937
750,72.484296,0.030785
751,90.977334,0.030634
752,51.002989,0.030484
753,94.827824,0.030334
754,-98.34893,0.030186
755,78.833951,0.030038
756,-68.172209,0.029891
757,196.135971,0.029745
758,126.999444,0.0296
759,138.946852,0.029456
760,136.0743,0.029312
761,126.359344,0.02917
762,-91.670968,0.029028
763,-168.59132,0.028887
764,14.506474,0.028747
765,-133.400894,0.028608
766,-257.763673,0.028469
767,-164.456318,0.028331
768,-190.876155,0.028195
769,-149.820982,0.028059
770,-196.638428,0.027923
771,-206.649154,0.027789
772,-154.326418,0.027655
773,-181.746701,0.027522
774,-185.364439,0.02739
775,-239.276197,0.027259
776,-154.525627,0.027128
777,-107.467693,0.026999
778,-229.239795,0.02687
779,-177.60362,0.026741
780,-134.331264,0.026614
781,-143.916435,0.026487
782,-220.77648,0.026361
783,-246.89853,0.026236
784,-189.068942,0.026111
785,-232.885815,0.025987
786,-144.767268,0.025864
787,-159.065343,0.025742
788,-201.725076,0.02562
789,-249.744254,0.025499
790,-284.803756,0.025379
791,-384.523818,0.02526
792,-369.025851,0.025141
793,-510.303701,0.025023
794,-260.098614,0.024905
795,-291.150457,0.024788
796,-274.178684,0.024672
797,-211.868362,0.024557
798,-241.528778,0.024442
799,-244.505367,0.024328
800,-305.589699,0.024215
801,-296.99291,0.024102
802,-299.240868,0.02399
803,-197.102509,0.023879
804,-298.973164,0.023768
805,-169.281579,0.023658
806,-345.016181,0.023549
807,-242.915841,0.02344
808,-77.548098,0.023332
809,-294.854601,0.023224
810,-338.916122,0.023117
811,-314.62349,0.023011
812,-159.831694,0.022905
813,-179.935096,0.0228
814,-227.532273,0.022696
815,-220.685404,0.022592
816,-170.980467,0.022489
817,130.622329,0.022386
818,-217.303911,0.022284
819,-391.314289,0.022183
820,-289.546921,0.022082
821,179.384253,0.021982
822,119.066905,0.021882
823,-275.157363,0.021783
824,-172.440032,0.021685
825,-192.307291,0.021587
826,-253.245163,0.02149
827,63.901256,0.021393
828,-290.506319,0.021297
829,-228.162909,0.021201
830,-295.417062,0.021106
831,127.326193,0.021012
832,113.723765,0.020918
833,49.114745,0.020825
834,106.037695,0.020732
835,30.15432,0.02064
836,183.774285,0.020548
837,129.115547,0.020457
838,125.965749,0.020366
839,151.016174,0.020276
840,8.105694,0.020186
841,165.269975,0.020097
842,32.326894,0.020009
843,-203.266637,0.019921
844,-242.974367,0.019833
845,46.202291,0.019746
846,138.367845,0.01966
847,70.099286,0.019574
848,80.139753,0.019488
849,59.934995,0.019403
850,87.453561,0.019319
851,45.346486,0.019235
852,-10.953236,0.019151
853,170.403645,0.019068
854,135.975911,0.018986
855,125.81586,0.018904
856,161.561352,0.018822
857,63.143312,0.018741
858,67.284571,0.01866
859,100.360047,0.01858
860,-277.145619,0.018501
861,94.860983,0.018422
862,88.170216,0.018343
863,37.947583,0.018265
864,122.977097,0.018187
865,16.250823,0.018109
866,94.924231,0.018033
867,74.13686,0.017956
868,30.890094,0.01788
869,98.560812,0.017805
870,146.275106,0.017729
871,130.560644,0.017655
872,105.216946,0.017581
873,156.100538,0.017507
874,110.582428,0.017433
875,81.774163,0.017361
876,-302.410706,0.017288
877,-333.095575,0.017216
878,-155.846366,0.017144
879,-311.508915,0.017073
880,-259.486488,0.017002
881,-29.127574,0.016932
882,-345.693522,0.016862
883,96.316005,0.016792
884,112.990359,0.016723
885,137.274511,0.016654
886,64.482073,0.016586
887,43.906248,0.016518
888,125.684749,0.016451
889,84.876954,0.016383
890,100.619908,0.016317
891,50.827948,0.01625
892,105.891891,0.016184
893,89.525071,0.016119
894,101.012161,0.016053
895,86.162885,0.015989
896,94.406542,0.015924
897,63.211208,0.01586
898,142.001947,0.015796
899,120.022384,0.015733
900,-113.04817,0.01567
901,115.912302,0.015608
902,159.839269,0.015545
903,108.216614,0.015483
904,-146.056274,0.015422
905,180.283107,0.015361
906,32.438871,0.0153
907,154.956992,0.01524
908,-165.724229,0.01518
909,119.645516,0.01512
910,137.91169,0.015061
911,137.939274,0.015002
912,120.828272,0.014943
913,145.79204,0.014885
914,118.478008,0.014827
915,108.980259,0.014769
916,136.72487,0.014712
917,145.024898,0.014655
918,115.474174,0.014598
919,142.592337,0.014542
920,133.635554,0.014486
921,175.563591,0.01443
922,137.295188,0.014375
923,179.802321,0.01432
924,112.83115,0.014265
925,142.95105,0.014211
926,166.903091,0.014157
927,118.865084,0.014103
928,70.045553,0.01405
929,57.015791,0.013997
930,186.420085,0.013944
931,83.861076,0.013891
932,166.354374,0.013839
933,174.396539,0.013788
934,57.05223,0.013736
935,178.984529,0.013685
936,158.184815,0.013634
937,130.004142,0.013583
938,122.780056,0.013533
939,114.862761,0.013483
940,168.212153,0.013433
941,170.449077,0.013384
942,144.115583,0.013334
943,164.809089,0.013286
944,159.281484,0.013237
945,160.807158,0.013189
946,138.04442,0.013141
947,118.343431,0.013093
948,160.454368,0.013045
949,159.045414,0.012998
950,116.738683,0.012951
951,116.231737,0.012905
952,109.426664,0.012858
953,121.944605,0.012812
954,118.460656,0.012766
955,101.928023,0.012721
956,151.349588,0.012676
957,109.564139,0.012631
958,131.464283,0.012586
959,93.231446,0.012541
960,133.957297,0.012497
961,125.504654,0.012453
962,153.308942,0.012409
963,134.305344,0.012366
964,178.214888,0.012323
965,140.166259,0.01228
966,162.752336,0.012237
967,99.703466,0.012195
968,119.116262,0.012152
969,132.059477,0.01211
970,126.891825,0.012069
971,111.907792,0.012027
972,152.68467,0.011986
973,112.236296,0.011945
974,156.393805,0.011904
975,118.702334,0.011864
976,150.572567,0.011824
977,92.184719,0.011784
978,205.726028,0.011744
979,164.294954,0.011704
980,115.811607,0.011665
981,150.695494,0.011626
982,165.338306,0.011587
983,100.067372,0.011548
984,150.295687,0.01151
985,111.725489,0.011472
986,161.143503,0.011434
987,183.358408,0.011396
988,145.413103,0.011359
989,157.374706,0.011321
990,188.585223,0.011284
991,85.750074,0.011247
992,153.984442,0.011211
993,119.126829,0.011174
994,95.18445,0.011138
995,186.198597,0.011102
996,131.4682,0.011066
997,137.453718,0.011031
998,112.866566,0.010995
999,148.192015,0.01096
1000,178.06705,0.010925
1001,135.993404,0.01089
1002,154.767819,0.010856
1003,67.40445,0.010822
1004,182.351492,0.010787
1005,103.886445,0.010753
1006,114.279036,0.01072
1007,203.427555,0.010686
1008,107.573592,0.010653
1009,173.022526,0.01062
1010,173.901947,0.010587
1011,-280.149826,0.010554
1012,110.126529,0.010521
1013,150.490025,0.010489
1014,188.142108,0.010457
1015,132.099323,0.010425
1016,181.303276,0.010393
1017,113.356634,0.010361
1018,-296.531838,0.01033
1019,8.436767,0.010299
1020,171.99705,0.010268
1021,163.230621,0.010237
1022,167.317368,0.010206
1023,143.022975,0.010175
1024,167.935902,0.010145
1025,91.750054,0.010115
1026,149.029715,0.010085
1027,157.641348,0.010055
1028,168.587556,0.010025
1029,168.336035,0.009996
1030,172.73699,0.009967
1031,195.353636,0.009938
1032,188.980039,0.009909
1033,22.872317,0.00988
1034,142.0253,0.009851
1035,207.578516,0.009823
1036,187.001195,0.009794
1037,-2.9645,0.009766
1038,-117.999722,0.009738
1039,148.430878,0.009711
1040,59.402543,0.009683
1041,-280.23823,0.009655
1042,-85.795206,0.009628
1043,42.893426,0.009601
1044,177.253967,0.009574
1045,42.342996,0.009547
1046,150.567265,0.009521
1047,-234.849212,0.009494
1048,152.836437,0.009468
1049,171.76372,0.009441
1050,18.301046,0.009415
1051,191.409929,0.009389
1052,168.681868,0.009364
1053,130.995399,0.009338
1054,164.951497,0.009313
1055,187.058455,0.009287
1056,164.477922,0.009262
1057,168.548439,0.009237
1058,198.341221,0.009212
1059,205.358939,0.009188
1060,181.047712,0.009163
1061,179.229595,0.009139
1062,210.738154,0.009114
1063,173.963011,0.00909
1064,198.74235,0.009066
1065,181.542606,0.009042
1066,181.350562,0.009019
1067,184.494501,0.008995
1068,196.708922,0.008972
1069,170.828066,0.008948
1070,233.857971,0.008925
1071,184.26317,0.008902
1072,200.333482,0.008879
1073,192.253532,0.008857
1074,175.701412,0.008834
1075,178.759156,0.008812
1076,112.341559,0.008789
1077,179.782313,0.008767
1078,190.634292,0.008745
1079,153.756452,0.008723
1080,201.240631,0.008701
1081,172.512098,0.008679
1082,188.218465,0.008658
1083,-29.448526,0.008636
1084,-4.683929,0.008615
1085,-258.13283,0.008594
1086,195.875788,0.008573
1087,-15.157703,0.008552
1088,216.854443,0.008531
1089,137.415345,0.00851
1090,-256.151482,0.00849
1091,80.891768,0.008469
1092,233.121975,0.008449
1093,-15.305691,0.008429
1094,58.941125,0.008408
1095,148.925693,0.008389
1096,173.284552,0.008369
1097,164.305646,0.008349
1098,210.555366,0.008329
1099,191.060366,0.00831
1100,94.675361,0.00829
1101,-9.894923,0.008271
1102,237.098965,0.008252
1103,-25.942792,0.008233
1104,219.682867,0.008214
1105,161.058849,0.008195
1106,73.581876,0.008176
1107,212.81746,0.008158
1108,2.255175,0.008139
1109,-6.191479,0.008121
1110,168.796407,0.008102
1111,-30.810945,0.008084
1112,92.636652,0.008066
1113,178.758356,0.008048
1114,116.178757,0.00803
1115,217.565982,0.008012
1116,103.808213,0.007995
1117,150.87468,0.007977
1118,163.431795,0.00796
1119,211.810004,0.007942
1120,-38.390058,0.007925
1121,109.167743,0.007908
1122,198.929823,0.007891
1123,199.906512,0.007874
1124,207.88317,0.007857
1125,165.638231,0.00784
1126,201.898976,0.007824
1127,44.13971,0.007807
1128,190.756823,0.007791
1129,128.354736,0.007774
1130,140.646787,0.007758
1131,218.298008,0.007742
1132,203.260352,0.007726
1133,177.602106,0.00771
1134,212.505652,0.007694
1135,117.653139,0.007678
1136,191.006282,0.007662
1137,152.27675,0.007647
1138,-50.508267,0.007631
1139,139.407716,0.007616
1140,150.12585,0.0076
1141,198.667102,0.007585
1142,213.128597,0.00757
1143,170.668691,0.007555
1144,201.767773,0.00754
1145,198.280899,0.007525
1146,188.705613,0.00751
1147,192.860091,0.007496
1148,192.436981,0.007481
1149,189.609009,0.007466
1150,206.949842,0.007452
1151,203.142166,0.007438
1152,186.153767,0.007423
1153,154.694975,0.007409
1154,176.738149,0.007395
1155,159.024851,0.007381
1156,-56.53927,0.007367
1157,160.203244,0.007353
1158,207.810032,0.007339
1159,208.856632,0.007325
1160,181.65198,0.007312
1161,182.973741,0.007298
1162,216.598999,0.007285
1163,168.119291,0.007271
1164,162.780322,0.007258
1165,0.440385,0.007245
1166,177.200584,0.007232
1167,177.144506,0.007219
1168,164.382017,0.007206
1169,183.064319,0.007193
1170,107.690155,0.00718
1171,200.349971,0.007167
1172,171.34429,0.007154
1173,188.813593,0.007142
1174,175.270321,0.007129
1175,170.730257,0.007117
1176,76.403349,0.007104
1177,204.040501,0.007092
1178,198.802625,0.00708
1179,204.293523,0.007067
1180,214.976672,0.007055
1181,216.034776,0.007043
1182,183.988584,0.007031
1183,-82.803202,0.007019
1184,148.420472,0.007007
1185,127.430753,0.006996
1186,196.362278,0.006984
1187,216.509432,0.006972
1188,204.919622,0.006961
1189,199.453663,0.006949
1190,204.54243,0.006938
1191,188.701766,0.006926
1192,183.137071,0.006915
1193,222.624602,0.006904
1194,129.521758,0.006893
1195,205.56015,0.006882
1196,-171.045117,0.006871
1197,202.55266,0.00686
1198,193.18231,0.006849
1199,182.907669,0.006838
1200,183.363116,0.006827
1201,192.7992,0.006816
1202,182.734089,0.006806
1203,90.603104,0.006795
1204,171.70202,0.006785
1205,200.205372,0.006774
1206,208.861979,0.006764
1207,230.283397,0.006753
1208,224.38497,0.006743
1209,232.170484,0.006733
1210,193.689343,0.006723
1211,208.110468,0.006713
1212,205.262767,0.006703
1213,195.960141,0.006693
1214,-769.379847,0.006683
1215,245.228791,0.006673
1216,193.507786,0.006663
1217,235.661491,0.006653
1218,206.156434,0.006644
1219,214.123485,0.006634
1220,153.656217,0.006624
1221,241.888273,0.006615
1222,171.451251,0.006605
1223,216.792901,0.006596
1224,228.804062,0.006587
1225,225.23233,0.006577
1226,162.644958,0.006568
1227,215.63173,0.006559
1228,159.781898,0.00655
1229,188.986424,0.006541
1230,205.262229,0.006532
1231,185.793486,0.006523
1232,197.760376,0.006514
1233,197.59912,0.006505
1234,183.463973,0.006496
1235,213.916606,0.006487
1236,174.588388,0.006478
1237,196.09719,0.00647
1238,197.710798,0.006461
1239,225.939443,0.006453
1240,200.877758,0.006444
1241,222.040435,0.006436
1242,125.562288,0.006427
1243,125.058461,0.006419
1244,189.8315,0.00641
1245,221.820078,0.006402
1246,228.04586,0.006394
1247,214.503379,0.006386
1248,224.608197,0.006378
1249,-3.942219,0.00637
1250,211.324235,0.006362
1251,180.507616,0.006354
1252,222.444002,0.006346
1253,-21.323529,0.006338
1254,-64.045343,0.00633
1255,236.234917,0.006322
1256,-325.353715,0.006314
1257,180.817079,0.006307
1258,190.247116,0.006299
1259,-68.341152,0.006291
1260,188.939871,0.006284
1261,-1.708361,0.006276
1262,211.719637,0.006269
1263,-39.320267,0.006261
1264,193.080301,0.006254
1265,246.602442,0.006247
1266,216.593739,0.006239
1267,-33.763089,0.006232
1268,228.26301,0.006225
1269,199.98977,0.006218
1270,196.160673,0.00621
1271,-311.98016,0.006203
1272,236.063647,0.006196
1273,195.493509,0.006189
1274,163.157763,0.006182
1275,189.081553,0.006175
1276,206.213935,0.006168
1277,192.961287,0.006162
1278,190.044595,0.006155
1279,-67.464967,0.006148
1280,162.297547,0.006141
1281,190.596896,0.006135
1282,196.365123,0.006128
1283,239.076777,0.006121
1284,198.545247,0.006115
1285,209.513023,0.006108
1286,202.987277,0.006102
1287,200.679233,0.006095
1288,197.82525,0.006089
1289,217.505271,0.006082
1290,231.942007,0.006076
1291,210.591442,0.00607
1292,187.27676,0.006064
1293,240.252084,0.006057
1294,196.50086,0.006051
1295,244.402851,0.006045
1296,240.025982,0.006039
1297,179.519378,0.006033
1298,194.434687,0.006027
1299,234.601972,0.006021
1300,196.707888,0.006015
1301,206.935226,0.006009
1302,189.061676,0.006003
1303,203.839584,0.005997
1304,218.849364,0.005991
1305,181.774999,0.005985
1306,220.563459,0.005979
1307,188.133075,0.005974
1308,241.796223,0.005968
1309,212.211898,0.005962
1310,224.130722,0.005957
1311,188.90638,0.005951
1312,253.571974,0.005945
1313,235.351341,0.00594
1314,-32.93193,0.005934
1315,180.202028,0.005929
1316,211.843079,0.005923
1317,178.253707,0.005918
1318,203.903691,0.005913
1319,196.839931,0.005907
1320,194.544662,0.005902
1321,186.168836,0.005897
1322,185.812038,0.005891
1323,225.466294,0.005886
1324,210.410077,0.005881
1325,223.344553,0.005876
1326,209.053247,0.005871
1327,199.898523,0.005866
1328,242.636704,0.005861
1329,-771.71055,0.005855
1330,222.910958,0.00585
1331,212.696097,0.005845
1332,247.273524,0.005841
1333,212.689449,0.005836
1334,214.009829,0.005831
1335,204.096178,0.005826
1336,153.069784,0.005821
1337,197.210107,0.005816
1338,227.527454,0.005811
1339,193.060062,0.005807
1340,186.548232,0.005802
1341,137.416658,0.005797
1342,228.531362,0.005793
1343,180.20588,0.005788
1344,221.231079,0.005783
1345,214.021299,0.005779
1346,193.490122,0.005774
1347,221.644423,0.00577
1348,200.638936,0.005765
1349,183.050701,0.005761
1350,157.371611,0.005756
1351,239.526087,0.005752
1352,145.573013,0.005747
1353,209.98097,0.005743
1354,195.132004,0.005738
1355,225.124447,0.005734
1356,188.598113,0.00573
1357,210.784256,0.005726
1358,201.986887,0.005721
1359,185.484562,0.005717
1360,-16.667959,0.005713
1361,113.010583,0.005709
1362,173.781898,0.005705
1363,236.595574,0.0057
1364,232.763193,0.005696
1365,183.211998,0.005692
1366,215.617539,0.005688
1367,202.301859,0.005684
1368,-67.688337,0.00568
1369,250.008221,0.005676
1370,215.395769,0.005672
1371,167.043902,0.005668
1372,231.93206,0.005664
1373,211.674423,0.00566
1374,240.054618,0.005657
1375,187.783964,0.005653
1376,-64.09739,0.005649
1377,193.438663,0.005645
1378,216.750533,0.005641
1379,204.754844,0.005638
1380,225.263761,0.005634
1381,225.458359,0.00563
1382,235.450343,0.005626
1383,-13.774064,0.005623
1384,1.112636,0.005619
1385,214.472058,0.005615
1386,197.902547,0.005612
1387,220.917811,0.005608
1388,216.77767,0.005605
1389,222.733363,0.005601
1390,198.442729,0.005598
1391,226.494789,0.005594
1392,158.927967,0.005591
1393,209.913427,0.005587
1394,211.777298,0.005584
1395,207.026666,0.00558
1396,162.104336,0.005577
1397,238.597485,0.005573
1398,219.099958,0.00557
1399,217.797956,0.005567
1400,212.712679,0.005563
1401,185.470217,0.00556
1402,204.790677,0.005557
1403,228.640263,0.005554
1404,197.119853,0.00555
1405,186.324848,0.005547
1406,209.939464,0.005544
1407,200.023376,0.005541
1408,215.594645,0.005538
1409,189.643373,0.005534
1410,188.719441,0.005531
1411,219.156395,0.005528
1412,201.757484,0.005525
1413,179.062127,0.005522
1414,222.790408,0.005519
1415,213.808192,0.005516
1416,158.350243,0.005513
1417,230.222309,0.00551
1418,234.024653,0.005507
1419,218.739121,0.005504
1420,170.152318,0.005501
1421,211.789123,0.005498
1422,199.414299,0.005495
1423,186.516077,0.005492
1424,239.026934,0.005489
1425,209.036903,0.005486
1426,216.342574,0.005484
1427,181.86928,0.005481
1428,160.508117,0.005478
1429,216.445415,0.005475
1430,200.611609,0.005472
1431,227.731547,0.00547
1432,207.695933,0.005467
1433,209.874667,0.005464
1434,230.803232,0.005461
1435,206.501671,0.005459
1436,210.89758,0.005456
1437,190.795896,0.005453
1438,201.557559,0.005451
1439,213.429026,0.005448
1440,216.315127,0.005445
1441,210.006203,0.005443
1442,204.003496,0.00544
1443,249.857894,0.005438
1444,221.364327,0.005435
1445,220.737957,0.005432
1446,197.244893,0.00543
1447,216.799498,0.005427
1448,184.961849,0.005425
1449,206.014898,0.005422
1450,208.243917,0.00542
1451,213.833923,0.005417
1452,179.131346,0.005415
1453,176.409034,0.005413
1454,194.293929,0.00541
1455,215.221798,0.005408
1456,218.43589,0.005405
1457,222.493275,0.005403
1458,225.290478,0.005401
1459,208.988595,0.005398
1460,204.414727,0.005396
1461,214.95477,0.005394
1462,183.539306,0.005391
1463,219.807626,0.005389
1464,163.833996,0.005387
1465,208.50977,0.005384
1466,191.260356,0.005382
1467,201.326181,0.00538
1468,145.892693,0.005378
1469,189.548659,0.005375
1470,197.365997,0.005373
1471,242.636671,0.005371
1472,216.297164,0.005369
1473,187.074029,0.005367
1474,200.367006,0.005365
1475,189.3443,0.005362
1476,226.665556,0.00536
1477,194.606606,0.005358
1478,210.990186,0.005356
1479,211.011272,0.005354
1480,180.519719,0.005352
1481,186.333892,0.00535
1482,214.87212,0.005348
1483,186.040578,0.005346
1484,225.872077,0.005344
1485,213.656357,0.005342
1486,207.87829,0.00534
1487,229.771924,0.005338
1488,179.793403,0.005336
1489,196.097138,0.005334
1490,197.941636,0.005332
1491,197.584696,0.00533
1492,223.680335,0.005328
1493,164.509748,0.005326
1494,184.977009,0.005324
1495,223.042809,0.005322
1496,240.947915,0.00532
1497,137.017475,0.005318
1498,145.849065,0.005317
1499,217.425,0.005315
